50
17
62
62
5
93
8
100
58
88
90
29
82
26
32
54
31
90
49
20
11
86
69
69
69
62
57
81
56
82
78
40
51
99
96
37
4
69
11
20
29
90
14
45
13
74
39
98
48
13
11
50
75
17
10
3
92
17
3
5
14
5
32
69
63
50
77
38
83
8
13
90
71
75
8
68
86
11
92
85
22
58
99
11
37
62
26
76
67
20
19
76
67
88
78
4
86
11
7
56
48
31
27
61
97
72
72
63
6
43
56
12
34
79
25
83
82
29
78
43
38
42
14
75
63
51
1
91
67
83
18
21
12
85
35
37
38
47
76
38
30
99
75
93
3
74
4
49
32
13
48
51
52
10
40
46
20
45
21
21
80
17
53
86
32
24
56
73
77
11
87
57
74
91
56
17
64
78
49
39
84
15
31
75
93
54
78
98
68
97
99
45
35
79
66
70
50
38
62
1
90
81
44
77
21
23
94
38
99
54
77
99
7
17
33
36
96
73
34
20
31
16
13
11
16
55
47
22
91
73
48
6
85
69
9
59
45
24
70
26
59
52
68
63
99
45
80
39
11
77
60
40
89
27
28
41
4
51
1
24
57
20
31
90
27
93
26
52
4
15
47
46
61
19
80
63
5
87
70
31
68
44
37
100
9
42
80
16
38
38
85
92
18
35
32
74
64
33
19
28
93
9
58
8
18
88
49
43
9
99
45
30
29
5
29
14
80
60
72
47
67
28
82
66
40
24
5
31
53
23
41
12
80
84
28
88
25
58
73
38
63
58
64
92
52
55
42
45
95
65
91
90
56
69
2
60
45
17
14
43
2
56
9
16
35
38
9
55
9
58
86
78
37
22
61
9
88
59
100
90
85
84
54
61
75
100
7
24
14
1
2
89
3
34
73
52
11
61
58
46
96
53
59
20
86
11
15
45
23
78
32
32
35
42
65
96
70
36
65
36
1
88
12
98
62
61
96
99
49
89
85
45
90
66
42
60
73
26
64
38
65
45
53
6
60
89
64
84
56
63
19
16
56
15
83
25
63
76
98
96
18
65
73
92
78
95
17
1
19
77
80
68
99
86
25
39
55
17
97
36
74
4
69
12
42
42
52
16
78
61
72
59
65
60
99
58
32
74
75
91
78
12
57
99
25
32
34
36
18
79
16
95
20
41
27
98
72
85
17
21
82
52
27
81
76
3
41
99
1
34
11
61
80
22
4
51
14
61
27
99
28
7
35
3
22
74
36
52
61
33
70
40
73
39
27
12
49
47
13
45
44
26
50
22
43
38
20
99
34
61
39
80
97
66
54
83
60
3
20
13
92
3
73
62
24
63
35
54
11
98
86
88
56
74
91
26
90
98
28
94
86
28
64
81
7
78
15
45
1
20
17
53
1
50
91
51
85
31
10
96
74
9
25
51
87
61
79
86
46
94
68
16
62
10
79
61
23
40
60
4
92
97
39
63
85
37
34
35
24
69
97
68
96
58
14
91
63
80
5
97
66
20
38
85
85
43
93
12
51
19
94
46
70
31
24
91
92
70
62
27
10
35
45
18
74
47
74
32
15
68
4
16
33
19
19
85
37
17
78
78
56
19
6
60
97
88
67
62
85
21
67
2
43
79
79
6
20
27
45
40
27
98
68
20
78
2
30
47
10
74
25
78
93
48
40
38
37
20
58
75
60
57
9
69
66
66
71
1
15
39
26
87
21
43
66
69
46
16
72
51
64
69
36
26
34
18
31
94
13
98
62
73
20
23
86
19
21
38
94
4
23
97
37
71
9
63
95
33
31
26
4
44
56
46
9
68
44
21
20
50
6
44
8
15
90
48
14
31
82
98
30
46
51
82
34
9
85
26
65
72
17
65
54
93
19
35
97
58
41
13
46
46
7
4
1
97
73
59
94
93
5
57
28
6
39
29
8
89
50
43
31
4
82
45
21
19
97
25
38
41
87
75
92
73
19
63
81
6
26
17
7
84
8
69
15
98
74
3
21
8
43
21
28
67
18
95
53
18
12
9
45
13
37
64
55
48
88
72
24
6
98
69
8
48
83
39
87
89
35
52
65
88
96
25
35
81
26
13
24
32
68
28
30
87
60
32
34
48
65
61
74
94
32
72
43
13
89
52
10
68
38
22
85
45
88
70
12
68
52
21
2
85
54
81
66
17
36
87
6
13
95
27
83
99
78
22
35
88
52
32
25
10
36
46
23
69
81
95
74
94
80
61
50
43
54
38
59
83
54
10
61
49
45
66
36
30
60
58
100
86