14
46
78
84
75
76
2
58
15
81
51
85
98
75
84
30
12
93
55
63
52
11
85
43
56
55
12
78
56
52
18
59
58
49
32
23
58
24
95
53
56
36
13
2
33
56
14
46
93
82
79
30
100
35
56
97
29
56
11
56
86
23
93
74
97
46
35
98
69
93
50
87
13
73
87
5
34
56
77
37
91
100
22
42
78
85
37
26
87
24
20
37
41
86
77
16
23
6
70
16
46
41
72
27
92
3
60
12
39
57
10
29
25
68
13
50
20
56
83
48
14
84
80
88
41
12
50
80
85
49
85
91
33
41
75
2
48
32
11
12
19
54
1
68
99
40
20
28
57
33
85
3
90
44
88
47
59
7
32
21
48
57
7
16
71
78
24
50
81
88
49
74
96
66
83
16
13
82
28
78
81
73
13
86
82
1
29
52
65
42
97
91
55
86
27
16
73
34
22
51
42
63
52
25
31
78
72
95
67
78
75
13
4
52
21
41
96
24
90
84
67
42
71
96
16
88
74
81
34
74
77
11
36
33
99
20
95
47
16
73
63
59
66
27
94
61
65
50
94
28
86
45
6
56
21
86
81
3
5
90
57
58
68
52
30
51
96
1
63
26
49
69
48
28
31
29
29
7
2
39
99
75
55
36
82
66
14
100
10
96
97
92
45
40
81
43
78
30
18
50
64
25
63
15
15
71
70
31
49
16
98
7
78
76
15
67
41
68
43
76
38
61
34
93
52
93
10
16
15
10
28
49
91
93
23
16
87
23
43
89
92
51
80
27
22
52
70
49
92
99
78
58
30
29
62
9
85
58
4
53
38
29
12
52
24
69
74
77
15
20
12
58
99
80
51
28
83
83
95
57
67
88
60
94
34
60
1
68
51
23
46
69
83
31
52
15
41
78
43
15
80
7
33
1
70
52
89
58
71
85
27
74
84
54
33
49
79
57
94
17
40
70
25
26
94
96
6
63
58
100
79
46
38
67
46
88
77
97
99
49
66
38
14
86
54
51
64
99
25
41
38
23
17
14
62
43
17
99
45
20
43
63
34
15
27
13
9
44
43
97
51
95
81
89
92
84
72
70
89
40
67
51
42
60
28
18
61
6
4
87
8
82
78
38
100
12
51
7
28
90
58
97
29
68
67
63
74
3
69
89
66
54
90
58
6
77
89
88
10
56
48
83
91
94
100
51
98
63
13
17
78
52
60
76
29
8
88
96
65
14
88
100
84
10
73
27
80
93
94
34
93
87
39
87
80
75
48
1
40
24
67
88
40
62
92
17
2
72
37
21
58
64
64
59
59
68
38
60
73
11
84
7
85
57
39
64
17
76
15
97
89
65
69
61
25
3
13
73
39
37
47
72
8
43
20
36
66
17
95
50
19
66
58
65
53
66
95
1
89
10
12
49
80
21
68
8
62
55
16
56
41
60
28
69
63
55
35
35
31
10
83
16
8
40
2
32
97
51
93
39
66
29
100
50
57
36
79
49
36
59
51
78
57
41
94
70
51
64
29
80
61
44
87
83
92
77
76
94
43
82
62
41
26
36
78
24
55
35
40
7
92
15
71
30
52
59
45
97
36
96
40
7
59
29
55
33
27
41
84
70
71
83
87
3
79
52
32
29
64
73
49
27
25
80
39
16
62
38
60
97
39
75
15
70
80
68
92
39
44
44
85
21
23
46
89
91
98
99
58
4
89
11
79
85
40
76
2
44
54
26
81
11
63
66
16
31
33
76
15
90
53
35
29
100
37
71
5
81
4
60
47
91
82
48
70
59
14
2
12
72
45
8
63
59
46
92
28
76
44
32
4
51
6
42
100
99
48
49
7
55
2
96
49
72
55
90
53
97
17
65
86
74
41
73
66
39
59
46
47
38
58
18
46
57
69
9
25
66
99
61
85
3
29
25
1
81
44
55
20
41
25
94
1
59
85
92
59
43
45
53
64
86
16
74
88
17
32
73
89
63
74
51
8
19
25
52
27
89
23
41
39
89
8
57
91
84
32
10
16
8
93
85
7
52
59
94
27
76
61
91
53
74
53
53
52
35
83
96
15
38
3
23
12
38
73
77
92
63
55
18
78
1
6
49
34
61
29
12
76
46
4
78
67
86
21
54
95
29
52
91
53
98
93
61
87
27
99
24
23
1
73
60
100
85
76
40
7
22
34
47
24
17
15
22
12
61
33
47
70
44
5
35
9
47
6
49
58
32
93
70
37
70
51
74
95
37
18
38
46
49
28
41
82
30
17
13
76
84
73
38