76
60
6
57
41
65
58
89
6
67
49
10
92
76
14
29
23
94
38
5
14
67
85
23
63
42
50
57
7
5
71
94
71
89
64
16
5
58
58
40
58
35
56
85
54
87
29
72
77
50
80
16
12
17
64
73
73
66
84
21
13
93
80
47
2
35
11
65
57
21
87
100
14
12
71
68
27
63
53
47
3
20
38
4
82
98
16
29
62
25
20
92
61
29
54
57
33
59
80
62
47
67
18
24
47
87
17
11
74
27
94
40
73
20
48
14
96
3
62
54
57
64
24
51
79
14
16
12
40
50
8
83
45
22
36
16
53
76
14
65
89
15
65
58
92
49
81
91
18
92
6
76
89
17
93
30
93
100
12
16
30
1
42
67
82
77
34
10
44
67
43
89
40
80
88
11
64
3
48
2
44
30
50
78
91
47
18
20
54
97
58
73
7
77
85
11
75
4
20
8
56
23
46
47
27
90
49
76
55
93
17
26
61
72
49
44
24
72
21
54
69
49
61
44
68
93
69
4
71
92
72
7
83
77
97
50
60
51
47
81
6
79
76
67
31
83
30
5
17
6
7
14
28
54
24
24
4
30
24
21
7
63
100
87
16
63
31
93
57
84
74
64
74
59
38
93
23
75
38
31
96
88
65
36
71
72
19
31
68
64
4
38
7
91
1
25
56
37
84
68
16
2
38
100
12
25
22
1
33
56
43
78
9
40
11
92
15
18
9
63
5
55
56
45
28
67
51
69
4
51
53
68
64
62
69
78
95
3
39
15
81
100
30
86
57
3
18
99
43
21
91
11
52
4
93
4
38
57
99
52
59
51
26
54
53
77
8
17
63
8
64
53
7
99
33
51
73
25
49
45
92
57
31
52
19
41
82
81
90
43
24
68
43
71
62
50
69
54
32
71
64
10
11
26
89
60
13
53
93
28
27
11
20
51
23
36
91
23
23
57
18
12
62
100
71
15
26
47
18
64
87
93
92
83
44
82
26
65
38
56
40
7
61
51
27
76
4
11
25
76
54
16
20
19
10
75
16
66
34
74
24
65
93
6
37
75
53
55
77
47
90
37
74
11
31
70
14
57
14
53
69
72
33
30
35
93
22
83
14
92
10
31
61
33
35
90
3
78
53
39
39
50
74
69
7
99
4
81
70
14
54
4
96
8
15
18
48
46
97
17
51
4
13
92
68
36
20
48
12
32
21
11
89
91
67
13
59
56
84
23
24
61
3
89
26
94
79
1
8
90
11
48
65
70
27
83
7
73
15
57
61
43
51
4
47
56
3
56
63
44
83
68
21
30
73
96
29
57
24
40
12
12
13
56
6
76
68
74
8
52
7
51
3
95
32
24
89
60
76
70
57
66
15
80
98
33
5
69
72
97
17
98
29
69
80
88
72
64
51
59
92
3
73
59
99
22
65
24
70
4
50
43
33
14
45
69
41
43
95
97
39
22
80
83
59
61
40
22
30
71
53
88
97
34
19
27
83
11
56
19
28
66
65
34
86
73
39
42
91
5
34
43
41
79
95
55
69
92
86
3
58
16
61
53
77
49
16
37
45
85
79
60
58
3
39
26
41
46
96
24
72
35
35
84
87
8
50
76
97
69
76
62
10
47
51
90
42
51
53
91
49
12
54
21
28
27
72
23
25
61
12
59
2
85
89
33
60
5
39
66
50
27
32
54
81
55
14
40
58
49
65
60
29
70
65
9
8
27
74
26
11
95
50
88
62
70
100
24
33
72
80
72
10
27
49
9
21
74
87
20
38
99
77
64
34
96
29
73
63
80
31
100
76
42
10
79
56
86
21
18
43
27
8
68
45
71
16
3
55
53
29
26
62
8
11
61
69
34
9
4
54
22
66
22
32
54
63
86
60
19
40
30
1
66
42
98
27
32
96
16
70
82
47
9
8
89
31
4
28
86
15
25
70
76
77
36
78
97
63
89
3
39
86
64
91
58
98
74
25
70
17
59
76
72
27
98
11
12
28
77
95
61
54
21
14
62
15
8
15
78
36
56
22
11
18
40
55
58
85
12
100
16
85
31
53
21
83
76
73
37
44
73
4
65
11
69
27
41
9
27
95
79
38
83
93
83
85
21
89
17
53
12
37
17
70
77
69
38
73
30
24
85
33
11
15
55
58
39
52
63
55
24
92
63
55
48
72
72
67
30
15
61
53
50
17
10
93
79
43
16
27
26
50
36
19
73
96
22
95
44
20
38
82
26
42
16
34
26
5
23
38
49
63
31
96
34
1
96
62
22