76
84
48
26
13
63
96
73
59
97
97
9
86
6
24
99
65
90
65
37
81
27
84
94
89
29
43
13
45
6
81
38
7
84
27
81
13
81
54
19
89
56
59
78
74
23
60
28
70
55
26
56
29
22
58
80
87
57
47
89
29
60
95
13
20
17
6
8
99
87
90
78
3
94
64
23
55
62
44
50
17
18
44
86
72
47
42
68
14
12
44
17
37
77
17
85
57
1
11
20
55
63
12
64
67
68
2
27
100
72
96
42
99
1
74
70
25
14
81
27
60
11
26
92
63
45
27
32
46
38
82
70
58
23
75
89
38
24
25
66
30
27
2
93
29
18
87
63
14
3
74
32
100
56
80
57
93
10
95
94
82
63
2
80
73
17
85
70
10
25
16
13
61
96
50
60
25
92
3
10
93
33
9
33
14
11
80
20
81
94
89
93
13
32
100
69
100
14
100
43
20
89
86
36
16
42
70
95
30
68
70
42
63
51
87
4
15
10
41
52
91
76
20
41
24
7
85
49
79
49
82
66
84
62
1
97
30
22
3
26
69
12
25
28
7
28
62
77
70
33
95
61
84
58
1
44
14
100
85
2
6
5
11
66
74
68
39
76
93
95
20
67
20
43
19
45
46
29
16
22
49
71
32
18
39
86
63
61
33
54
88
33
7
78
43
81
31
69
72
65
14
5
57
51
35
59
62
13
46
73
4
86
58
19
74
33
93
80
73
24
27
9
43
56
70
11
1
76
63
95
47
51
43
4
64
60
92
93
70
4
55
94
73
33
4
25
39
38
15
41
7
90
68
95
79
90
71
29
64
53
39
59
78
49
2
45
99
30
73
93
84
68
59
16
34
4
47
7
25
24
6
95
10
67
47
85
65
52
7
53
66
87
79
51
40
71
36
20
49
100
100
65
64
14
37
39
78
60
65
30
61
19
33
55
15
20
35
39
22
86
100
82
83
15
86
17
28
41
63
1
65
2
85
68
27
16
43
9
100
10
58
68
67
47
24
25
6
1
76
27
15
21
89
1
8
51
11
33
50
83
26
86
19
83
17
91
96
42
39
56
69
79
5
89
69
91
92
75
86
95
89
38
58
50
42
69
65
9
35
100
11
70
19
43
54
33
49
45
84
62
57
80
60
17
38
17
37
42
50
12
63
84
26
10
66
91
7
41
12
87
53
88
23
60
77
96
84
63
15
2
20
60
12
11
100
38
33
69
29
88
32
3
72
64
95
41
50
11
95
54
96
84
95
66
60
63
21
53
88
69
34
36
97
81
94
46
67
16
24
16
25
10
49
22
2
14
27
55
62
88
5
10
89
61
13
74
18
1
99
58
54
87
80
34
35
78
10
70
44
34
61
91
24
26
97
4
61
77
54
93
26
21
84
59
21
30
68
17
94
85
64
27
68
52
44
74
43
69
7
79
95
85
26
58
16
86
92
28
28
63
32
71
65
95
67
73
28
97
27
67
16
1
57
43
31
61
24
5
32
2
48
2
60
98
43
73
8
42
64
54
16
34
95
26
6
18
89
82
31
48
2
22
89
18
94
44
16
84
26
33
70
81
25
7
84
24
4
100
34
58
62
25
21
70
67
89
27
13
64
19
20
28
97
39
31
45
99
76
66
67
77
51
98
25
27
16
61
4
81
46
16
97
25
83
93
98
29
52
100
74
60
92
84
34
31
22
46
51
86
90
68
70
41
85
90
65
21
35
94
22
64
75
24
89
72
58
91
100
18
26
94
2
97
12
74
55
9
76
10
100
54
77
93
62
61
79
2
32
97
1
40
74
33
63
73
100
45
60
60
17
5
64
92
82
88
74
46
67
59
32
14
69
65
29
81
61
44
60
53
31
81
84
69
87
34
53
60
81
19
60
7
38
94
44
47
12
58
37
32
37
15
78
26
96
31
84
80
95
7
10
87
85
65
86
48
79
32
87
19
41
36
76
23
63
98
13
36
47
93
30
76
19
5
65
32
2
15
5
95
72
53
52
26
52
98
9
37
96
19
4
5
75
73
37
92
32
78
75
75
20
98
47
42
73
33
60
96
11
89
55
21
93
98
95
48
30
96
69
72
25
22
72
74
39
20
89
38
23
3
30
94
31
71
82
70
59
22
80
28
100
54
49
83
49
13
8
67
82
57
99
86
33
36
100
67
49
93
35
88
52
7
98
95
28
34
5
6
73
72
48
79
16
93
1
49
59
92
59
89
80
71
18
70
73
26
72
5
68
9
93
50
86
71
5
97
71
41
85
82
2