10
12
41
6
48
57
42
73
36
29
10
25
5
83
86
56
49
37
31
48
98
5
66
69
17
89
91
36
33
6
85
80
30
83
14
11
88
36
69
49
38
81
6
5
85
38
4
46
59
49
38
5
51
93
85
43
22
37
54
94
63
86
40
12
47
11
97
64
56
34
24
8
4
57
70
26
75
50
18
47
96
7
54
10
59
50
62
59
18
73
10
48
5
17
78
97
1
2
76
70
59
24
97
14
32
85
57
22
88
22
9
23
27
43
11
15
58
20
66
70
11
34
22
75
1
35
59
68
64
16
39
99
43
33
32
23
33
73
81
31
5
17
76
93
38
11
24
2
100
37
77
40
20
46
57
93
96
47
49
24
29
35
16
59
97
98
35
62
69
69
49
87
16
23
74
9
37
54
68
74
51
52
81
97
49
16
60
33
66
19
88
24
9
44
15
47
54
49
14
68
44
93
87
47
41
71
89
63
5
100
51
14
90
16
52
32
85
75
20
48
53
35
93
84
10
99
9
93
32
1
9
10
19
82
13
56
83
90
79
60
7
25
46
18
5
50
21
90
24
23
32
70
98
40
56
98
24
56
11
79
17
30
80
35
32
52
61
48
21
89
45
55
16
18
82
16
19
91
70
86
31
55
83
78
43
15
74
53
31
11
10
42
90
62
15
29
95
29
39
10
15
84
46
74
96
22
59
66
14
73
74
98
9
13
76
61
58
5
97
97
64
11
50
86
30
97
21
5
74
89
14
43
91
57
97
47
19
84
31
10
74
58
23
55
10
7
27
84
31
61
56
11
90
17
11
22
55
97
86
17
3
67
99
20
16
34
41
93
11
42
24
20
20
44
88
51
23
18
35
52
76
96
43
56
54
5
7
84
37
90
71
88
75
53
27
28
21
14
14
74
57
69
8
54
50
40
69
94
53
84
67
67
16
64
100
52
33
39
61
95
78
35
54
34
56
15
78
17
56
6
45
87
59
24
51
45
74
46
55
45
84
47
57
32
12
85
48
48
17
16
29
16
38
19
2
77
44
89
87
12
90
23
59
51
99
95
92
86
71
57
94
32
59
83
72
49
2
12
75
59
56
81
78
16
31
75
35
34
15
99
13
6
84
79
88
20
50
48
55
28
83
71
71
49
67
63
67
27
9
31
62
33
21
82
7
62
52
21
15
7
7
3
37
55
19
32
1
82
70
18
4
81
78
7
89
38
70
42
63
90
45
47
70
66
44
59
85
8
30
64
69
97
25
87
62
83
51
10
23
75
17
28
64
92
64
35
23
22
97
20
86
73
72
40
68
64
25
75
61
59
23
32
92
1
21
58
45
38
6
49
98
71
45
55
48
58
35
11
79
47
45
52
70
74
16
29
56
21
36
46
90
85
88
21
10
79
3
60
89
51
50
62
26
68
21
4
79
39
78
15
84
61
37
26
78
25
52
42
65
81
63
99
78
78
40
40
50
82
40
95
42
77
69
4
33
81
16
3
57
98
60
95
85
82
3
44
35
70
12
48
71
7
29
54
88
62
64
87
15
1
79
34
6
51
24
91
67
9
19
34
68
81
83
58
69
18
57
59
98
79
83
88
69
42
40
8
38
24
45
58
4
9
79
5
51
68
31
85
14
21
16
93
43
48
10
5
31
32
68
36
79
16
7
9
81
16
32
34
11
68
14
32
27
82
13
20
1
81
94
12
44
48
16
71
23
82
30
74
40
83
79
39
20
97
40
32
68
90
84
71
19
28
25
32
34
65
84
45
52
56
17
66
21
92
95
92
52
39
63
61
27
5
16
75
6
73
60
80
18
7
98
25
60
25
3
42
35
9
81
53
20
63
40
12
97
98
55
42
92
45
18
100
17
36
67
89
7
49
10
89
66
28
26
77
25
80
43
44
73
24
56
95
37
19
36
38
42
77
20
78
5
7
9
15
55
52
4
25
86
45
83
23
85
81
3
59
26
14
15
18
96
27
18
37
26
20
48
89
1
64
94
70
18
31
42
43
80
29
97
69
40
65
43
84
73
65
62
53
71
62
7
98
48
87
98
63
44
26
54
70
92
46
79
90
41
100
73
90
72
35
5
7
39
91
46
27
35
64
44
3
12
97
40
84
37
28
5
77
2
71
69
64
94
8
80
82
25
70
52
38
10
93
52
70
61
93
99
70
27
65
23
86
97
86
89
100
19
50
5
96
22
88
31
28
27
59
4
40
17
89
63
62
84
97
12
45
98
84
26
59
81
5
31
97
28
65
6
57
13
32